Core	CPU	Avg_MHz	Busy%	Bzy_MHz	TSC_MHz	IRQ	SMI	C1	C1E	C3	C6	C1%	C1E%	C3%	C6%	CPU%c1	CPU%c3	CPU%c6	CPU%c7	CoreTmp	PkgTmp	PkgWatt	RAMWatt	PKG_%	RAM_%
-	-	0	0.03	1210	3570	219	0	0	1	2	157	0.00	0.00	0.01	99.97	0.13	0.00	99.84	0.00	41	47	0.59	0.00	0.00	0.00
0	0	0	0.03	1200	3570	62	0	0	0	0	35	0.00	0.00	0.00	99.97	0.16	0.00	99.80	0.00	38	47	0.59	0.00	0.00	0.00
1	1	1	0.05	1218	3570	52	0	0	0	0	41	0.00	0.00	0.00	99.96	0.19	0.00	99.76	0.00	36
2	2	0	0.03	1217	3570	34	0	0	1	1	25	0.00	0.02	0.03	99.92	0.15	0.03	99.80	0.00	38
3	3	0	0.02	1205	3570	37	0	0	0	0	27	0.00	0.00	0.00	99.98	0.12	0.00	99.86	0.00	39
4	4	0	0.01	1200	3570	15	0	0	0	0	14	0.00	0.00	0.00	99.99	0.07	0.00	99.92	0.00	38
5	5	0	0.02	1207	3570	19	0	0	0	1	15	0.00	0.00	0.01	99.97	0.08	0.00	99.90	0.00	41
Core	CPU	Avg_MHz	Busy%	Bzy_MHz	TSC_MHz	IRQ	SMI	C1	C1E	C3	C6	C1%	C1E%	C3%	C6%	CPU%c1	CPU%c3	CPU%c6	CPU%c7	CoreTmp	PkgTmp	PkgWatt	RAMWatt	PKG_%	RAM_%
-	-	0	0.02	1205	3570	210	0	2	2	1	143	0.00	0.01	0.00	99.97	0.12	0.00	99.86	0.00	40	48	0.59	0.00	0.00	0.00
0	0	0	0.04	1200	3570	65	0	0	0	0	36	0.00	0.00	0.00	99.97	0.17	0.00	99.80	0.00	38	48	0.59	0.00	0.00	0.00
1	1	0	0.03	1200	3570	44	0	0	0	0	33	0.00	0.00	0.00	99.97	0.15	0.00	99.81	0.00	37
2	2	0	0.03	1222	3570	38	0	2	2	1	26	0.00	0.04	0.01	99.92	0.17	0.00	99.80	0.00	38
3	3	0	0.02	1200	3570	32	0	0	0	0	23	0.00	0.00	0.00	99.99	0.11	0.00	99.88	0.00	36
4	4	0	0.01	1200	3570	14	0	0	0	0	12	0.00	0.00	0.00	99.99	0.06	0.00	99.93	0.00	38
5	5	0	0.02	1207	3570	17	0	0	0	0	13	0.00	0.00	0.00	99.98	0.06	0.00	99.92	0.00	40
Core	CPU	Avg_MHz	Busy%	Bzy_MHz	TSC_MHz	IRQ	SMI	C1	C1E	C3	C6	C1%	C1E%	C3%	C6%	CPU%c1	CPU%c3	CPU%c6	CPU%c7	CoreTmp	PkgTmp	PkgWatt	RAMWatt	PKG_%	RAM_%
-	-	0	0.02	1201	3570	186	0	0	0	2	129	0.00	0.00	0.01	99.97	0.10	0.01	99.87	0.00	39	48	0.59	0.00	0.00	0.00
0	0	0	0.04	1200	3570	64	0	0	0	0	35	0.00	0.00	0.00	99.97	0.16	0.00	99.80	0.00	38	48	0.59	0.00	0.00	0.00
1	1	1	0.04	1200	3570	39	0	0	0	0	31	0.00	0.00	0.00	99.96	0.15	0.00	99.81	0.00	37
2	2	0	0.02	1200	3570	31	0	0	0	2	22	0.00	0.00	0.05	99.93	0.11	0.04	99.82	0.00	37
3	3	0	0.01	1200	3570	22	0	0	0	0	15	0.00	0.00	0.00	99.99	0.07	0.00	99.92	0.00	37
4	4	0	0.01	1200	3570	16	0	0	0	0	14	0.00	0.00	0.00	99.99	0.07	0.00	99.92	0.00	38
5	5	0	0.02	1206	3570	14	0	0	0	0	12	0.00	0.00	0.00	99.98	0.06	0.00	99.92	0.00	39
Core	CPU	Avg_MHz	Busy%	Bzy_MHz	TSC_MHz	IRQ	SMI	C1	C1E	C3	C6	C1%	C1E%	C3%	C6%	CPU%c1	CPU%c3	CPU%c6	CPU%c7	CoreTmp	PkgTmp	PkgWatt	RAMWatt	PKG_%	RAM_%
-	-	0	0.02	1200	3570	179	0	0	4	1	125	0.00	0.00	0.00	99.97	0.10	0.00	99.87	0.00	39	47	0.59	0.00	0.00	0.00
0	0	0	0.03	1200	3570	62	0	0	0	0	34	0.00	0.00	0.00	99.97	0.16	0.00	99.81	0.00	39	47	0.59	0.00	0.00	0.00
1	1	0	0.03	1200	3570	30	0	0	0	0	25	0.00	0.00	0.00	99.98	0.12	0.00	99.86	0.00	37
2	2	0	0.02	1200	3570	31	0	0	4	1	21	0.00	0.03	0.03	99.93	0.13	0.02	99.83	0.00	38
3	3	0	0.01	1200	3570	22	0	0	0	0	17	0.00	0.00	0.00	99.99	0.08	0.00	99.91	0.00	36
4	4	0	0.01	1200	3570	16	0	0	0	0	13	0.00	0.00	0.00	99.99	0.06	0.00	99.93	0.00	38
5	5	0	0.02	1200	3570	18	0	0	0	0	15	0.00	0.00	0.00	99.98	0.07	0.00	99.91	0.00	39
Core	CPU	Avg_MHz	Busy%	Bzy_MHz	TSC_MHz	IRQ	SMI	C1	C1E	C3	C6	C1%	C1E%	C3%	C6%	CPU%c1	CPU%c3	CPU%c6	CPU%c7	CoreTmp	PkgTmp	PkgWatt	RAMWatt	PKG_%	RAM_%
-	-	0	0.02	1201	3570	179	0	0	1	2	124	0.00	0.00	0.01	99.97	0.10	0.00	99.87	0.00	39	48	0.59	0.00	0.00	0.00
0	0	0	0.03	1200	3570	62	0	0	0	0	34	0.00	0.00	0.00	99.97	0.16	0.00	99.81	0.00	38	48	0.59	0.00	0.00	0.00
1	1	1	0.05	1200	3570	47	0	0	1	1	33	0.00	0.00	0.01	99.95	0.16	0.01	99.79	0.00	36
2	2	0	0.02	1200	3570	25	0	0	0	1	20	0.00	0.00	0.03	99.96	0.10	0.02	99.86	0.00	38
3	3	0	0.01	1200	3570	21	0	0	0	0	16	0.00	0.00	0.00	99.99	0.07	0.00	99.92	0.00	38
4	4	0	0.01	1200	3570	11	0	0	0	0	10	0.00	0.00	0.00	99.99	0.05	0.00	99.94	0.00	38
5	5	0	0.02	1209	3570	13	0	0	0	0	11	0.00	0.00	0.00	99.98	0.05	0.00	99.93	0.00	39
Core	CPU	Avg_MHz	Busy%	Bzy_MHz	TSC_MHz	IRQ	SMI	C1	C1E	C3	C6	C1%	C1E%	C3%	C6%	CPU%c1	CPU%c3	CPU%c6	CPU%c7	CoreTmp	PkgTmp	PkgWatt	RAMWatt	PKG_%	RAM_%
-	-	0	0.03	1204	3570	304	0	14	1	10	180	3.95	0.00	0.02	96.00	4.09	0.01	95.87	0.00	39	48	0.59	0.00	0.00	0.00
0	0	1	0.04	1200	3570	74	0	0	0	1	41	0.00	0.00	0.00	99.96	0.20	0.00	99.76	0.00	38	48	0.59	0.00	0.00	0.00
1	1	0	0.04	1200	3570	56	0	0	1	1	42	0.00	0.00	0.01	99.95	0.20	0.01	99.76	0.00	37
2	2	1	0.04	1218	3570	89	0	14	0	7	37	23.70	0.00	0.10	76.16	23.84	0.07	76.04	0.00	37
3	3	0	0.02	1200	3570	34	0	0	0	1	24	0.00	0.00	0.01	99.97	0.12	0.01	99.86	0.00	38
4	4	0	0.02	1200	3570	20	0	0	0	0	14	0.00	0.00	0.00	99.98	0.07	0.00	99.92	0.00	38
5	5	0	0.03	1200	3570	31	0	0	0	0	22	0.00	0.00	0.00	99.97	0.10	0.00	99.87	0.00	39
Core	CPU	Avg_MHz	Busy%	Bzy_MHz	TSC_MHz	IRQ	SMI	C1	C1E	C3	C6	C1%	C1E%	C3%	C6%	CPU%c1	CPU%c3	CPU%c6	CPU%c7	CoreTmp	PkgTmp	PkgWatt	RAMWatt	PKG_%	RAM_%
-	-	0	0.03	1203	3570	197	0	0	1	1	137	0.00	0.00	0.00	99.97	0.11	0.00	99.86	0.00	40	49	0.59	0.00	0.00	0.00
0	0	0	0.03	1200	3570	62	0	0	0	0	34	0.00	0.00	0.00	99.97	0.16	0.00	99.81	0.00	38	49	0.59	0.00	0.00	0.00
1	1	1	0.04	1203	3570	41	0	0	0	1	31	0.00	0.00	0.01	99.95	0.15	0.00	99.80	0.00	37
2	2	0	0.02	1200	3570	31	0	0	1	0	23	0.00	0.02	0.00	99.96	0.13	0.00	99.85	0.00	38
3	3	0	0.02	1200	3570	35	0	0	0	0	25	0.00	0.00	0.00	99.98	0.11	0.00	99.87	0.00	36
4	4	0	0.01	1200	3570	13	0	0	0	0	11	0.00	0.00	0.00	99.99	0.05	0.00	99.94	0.00	38
5	5	0	0.02	1215	3570	15	0	0	0	0	13	0.00	0.00	0.00	99.98	0.06	0.00	99.91	0.00	40
Core	CPU	Avg_MHz	Busy%	Bzy_MHz	TSC_MHz	IRQ	SMI	C1	C1E	C3	C6	C1%	C1E%	C3%	C6%	CPU%c1	CPU%c3	CPU%c6	CPU%c7	CoreTmp	PkgTmp	PkgWatt	RAMWatt	PKG_%	RAM_%
-	-	0	0.02	1203	3570	187	0	0	3	4	133	0.00	0.00	0.01	99.97	0.11	0.01	99.86	0.00	39	48	0.59	0.00	0.00	0.00
0	0	0	0.03	1200	3570	62	0	0	0	1	34	0.00	0.00	0.01	99.96	0.16	0.01	99.80	0.00	38	48	0.59	0.00	0.00	0.00
1	1	0	0.03	1200	3570	33	0	0	0	1	26	0.00	0.00	0.01	99.97	0.13	0.00	99.84	0.00	37
2	2	0	0.03	1213	3570	39	0	0	3	2	27	0.00	0.01	0.04	99.92	0.15	0.03	99.79	0.00	38
3	3	0	0.02	1200	3570	29	0	0	0	0	23	0.00	0.00	0.00	99.99	0.11	0.00	99.88	0.00	36
4	4	0	0.01	1200	3570	9	0	0	0	0	11	0.00	0.00	0.00	99.99	0.05	0.00	99.94	0.00	38
5	5	0	0.02	1200	3570	15	0	0	0	0	12	0.00	0.00	0.00	99.98	0.06	0.00	99.92	0.00	39
Core	CPU	Avg_MHz	Busy%	Bzy_MHz	TSC_MHz	IRQ	SMI	C1	C1E	C3	C6	C1%	C1E%	C3%	C6%	CPU%c1	CPU%c3	CPU%c6	CPU%c7	CoreTmp	PkgTmp	PkgWatt	RAMWatt	PKG_%	RAM_%
-	-	0	0.03	1201	3570	202	0	0	1	2	148	0.00	0.01	0.00	99.97	0.12	0.00	99.85	0.00	39	47	0.59	0.00	0.00	0.00
0	0	0	0.03	1200	3570	63	0	0	0	0	34	0.00	0.00	0.00	99.97	0.16	0.00	99.81	0.00	39	47	0.59	0.00	0.00	0.00
1	1	1	0.04	1204	3570	38	0	0	0	0	33	0.00	0.00	0.00	99.96	0.15	0.00	99.80	0.00	36
2	2	0	0.02	1200	3570	32	0	0	1	2	25	0.00	0.04	0.01	99.92	0.17	0.01	99.80	0.00	38
3	3	0	0.02	1200	3570	39	0	0	0	0	29	0.00	0.00	0.00	99.98	0.13	0.00	99.85	0.00	37
4	4	0	0.01	1200	3570	15	0	0	0	0	15	0.00	0.00	0.00	99.99	0.07	0.00	99.92	0.00	39
5	5	0	0.02	1200	3570	15	0	0	0	0	12	0.00	0.00	0.00	99.98	0.06	0.00	99.92	0.00	39
Core	CPU	Avg_MHz	Busy%	Bzy_MHz	TSC_MHz	IRQ	SMI	C1	C1E	C3	C6	C1%	C1E%	C3%	C6%	CPU%c1	CPU%c3	CPU%c6	CPU%c7	CoreTmp	PkgTmp	PkgWatt	RAMWatt	PKG_%	RAM_%
-	-	0	0.02	1201	3570	185	0	0	1	2	124	0.00	0.00	0.00	99.98	0.10	0.00	99.88	0.00	39	49	0.59	0.00	0.00	0.00
0	0	0	0.03	1200	3570	63	0	0	0	0	35	0.00	0.00	0.00	99.97	0.16	0.00	99.80	0.00	38	49	0.59	0.00	0.00	0.00
1	1	0	0.03	1200	3570	37	0	0	0	0	27	0.00	0.00	0.00	99.98	0.13	0.00	99.84	0.00	37
2	2	0	0.02	1200	3570	26	0	0	0	1	19	0.00	0.00	0.01	99.98	0.09	0.00	99.88	0.00	37
3	3	0	0.01	1200	3570	23	0	0	0	1	17	0.00	0.00	0.01	99.98	0.08	0.00	99.90	0.00	37
4	4	0	0.01	1200	3570	19	0	0	1	0	13	0.00	0.00	0.00	99.99	0.06	0.00	99.93	0.00	38
5	5	0	0.02	1207	3570	17	0	0	0	0	13	0.00	0.00	0.00	99.98	0.06	0.00	99.92	0.00	39
Core	CPU	Avg_MHz	Busy%	Bzy_MHz	TSC_MHz	IRQ	SMI	C1	C1E	C3	C6	C1%	C1E%	C3%	C6%	CPU%c1	CPU%c3	CPU%c6	CPU%c7	CoreTmp	PkgTmp	PkgWatt	RAMWatt	PKG_%	RAM_%
-	-	0	0.02	1203	3570	179	0	0	2	5	122	0.00	0.01	0.01	99.96	0.10	0.01	99.87	0.00	40	47	0.59	0.00	0.00	0.00
0	0	0	0.04	1200	3570	64	0	0	0	0	37	0.00	0.00	0.00	99.97	0.17	0.00	99.79	0.00	39	47	0.59	0.00	0.00	0.00
1	1	1	0.04	1200	3570	38	0	0	0	0	31	0.00	0.00	0.00	99.96	0.14	0.00	99.81	0.00	36
2	2	0	0.02	1209	3570	30	0	0	2	5	17	0.00	0.04	0.05	99.90	0.13	0.03	99.81	0.00	37
3	3	0	0.01	1200	3570	23	0	0	0	0	16	0.00	0.00	0.00	99.99	0.07	0.00	99.91	0.00	37
4	4	0	0.01	1200	3570	12	0	0	0	0	11	0.00	0.00	0.00	99.99	0.05	0.00	99.94	0.00	38
5	5	0	0.02	1213	3570	12	0	0	0	0	10	0.00	0.00	0.00	99.98	0.05	0.00	99.93	0.00	40
Core	CPU	Avg_MHz	Busy%	Bzy_MHz	TSC_MHz	IRQ	SMI	C1	C1E	C3	C6	C1%	C1E%	C3%	C6%	CPU%c1	CPU%c3	CPU%c6	CPU%c7	CoreTmp	PkgTmp	PkgWatt	RAMWatt	PKG_%	RAM_%
-	-	0	0.02	1200	3570	182	0	0	1	1	128	0.00	0.00	0.00	99.98	0.10	0.00	99.88	0.00	39	47	0.59	0.00	0.00	0.00
0	0	0	0.04	1200	3570	67	0	0	0	0	37	0.00	0.00	0.00	99.97	0.17	0.00	99.79	0.00	38	47	0.59	0.00	0.00	0.00
1	1	0	0.03	1200	3570	36	0	0	0	0	29	0.00	0.00	0.00	99.97	0.14	0.00	99.83	0.00	37
2	2	0	0.02	1200	3570	31	0	0	0	0	24	0.00	0.00	0.00	99.98	0.11	0.00	99.87	0.00	38
3	3	0	0.01	1200	3570	21	0	0	0	0	17	0.00	0.00	0.00	99.99	0.08	0.00	99.91	0.00	36
4	4	0	0.01	1200	3570	10	0	0	0	1	9	0.00	0.00	0.01	99.99	0.05	0.00	99.94	0.00	37
5	5	0	0.02	1200	3570	17	0	0	1	0	12	0.00	0.00	0.00	99.98	0.06	0.00	99.92	0.00	39
Core	CPU	Avg_MHz	Busy%	Bzy_MHz	TSC_MHz	IRQ	SMI	C1	C1E	C3	C6	C1%	C1E%	C3%	C6%	CPU%c1	CPU%c3	CPU%c6	CPU%c7	CoreTmp	PkgTmp	PkgWatt	RAMWatt	PKG_%	RAM_%
-	-	0	0.03	1203	3570	198	0	2	0	6	139	0.00	0.00	0.02	99.96	0.11	0.01	99.85	0.00	38	49	0.59	0.00	0.00	0.00
0	0	0	0.03	1200	3570	63	0	0	0	0	36	0.00	0.00	0.00	99.97	0.17	0.00	99.80	0.00	38	49	0.59	0.00	0.00	0.00
1	1	1	0.04	1207	3570	46	0	0	0	0	35	0.00	0.00	0.00	99.96	0.16	0.00	99.79	0.00	37
2	2	0	0.03	1205	3570	35	0	2	0	6	22	0.00	0.00	0.11	99.86	0.13	0.08	99.76	0.00	37
3	3	0	0.02	1200	3570	25	0	0	0	0	19	0.00	0.00	0.00	99.99	0.08	0.00	99.90	0.00	37
4	4	0	0.01	1200	3570	12	0	0	0	0	13	0.00	0.00	0.00	99.99	0.06	0.00	99.93	0.00	38
5	5	0	0.02	1200	3570	17	0	0	0	0	14	0.00	0.00	0.00	99.98	0.07	0.00	99.91	0.00	38
Core	CPU	Avg_MHz	Busy%	Bzy_MHz	TSC_MHz	IRQ	SMI	C1	C1E	C3	C6	C1%	C1E%	C3%	C6%	CPU%c1	CPU%c3	CPU%c6	CPU%c7	CoreTmp	PkgTmp	PkgWatt	RAMWatt	PKG_%	RAM_%
-	-	0	0.02	1209	3570	179	0	0	0	2	119	0.00	0.00	0.01	99.98	0.09	0.01	99.88	0.00	39	48	0.59	0.00	0.00	0.00
0	0	0	0.03	1200	3570	62	0	0	0	0	33	0.00	0.00	0.00	99.97	0.15	0.00	99.81	0.00	39	48	0.59	0.00	0.00	0.00
1	1	0	0.03	1235	3570	35	0	0	0	0	27	0.00	0.00	0.00	99.97	0.13	0.00	99.85	0.00	37
2	2	0	0.02	1200	3570	33	0	0	0	1	21	0.00	0.00	0.03	99.95	0.10	0.03	99.85	0.00	38
3	3	0	0.01	1200	3570	21	0	0	0	0	16	0.00	0.00	0.00	99.99	0.07	0.00	99.91	0.00	38
4	4	0	0.01	1200	3570	11	0	0	0	0	11	0.00	0.00	0.00	99.99	0.05	0.00	99.94	0.00	38
5	5	0	0.02	1209	3570	17	0	0	0	1	11	0.00	0.00	0.01	99.97	0.06	0.00	99.92	0.00	39
Core	CPU	Avg_MHz	Busy%	Bzy_MHz	TSC_MHz	IRQ	SMI	C1	C1E	C3	C6	C1%	C1E%	C3%	C6%	CPU%c1	CPU%c3	CPU%c6	CPU%c7	CoreTmp	PkgTmp	PkgWatt	RAMWatt	PKG_%	RAM_%
-	-	0	0.03	1201	3570	201	0	0	3	4	140	0.00	0.00	0.01	99.96	0.11	0.01	99.85	0.00	38	48	0.59	0.00	0.00	0.00
0	0	0	0.04	1200	3570	66	0	0	0	0	37	0.00	0.00	0.00	99.97	0.17	0.00	99.79	0.00	38	48	0.59	0.00	0.00	0.00
1	1	1	0.04	1200	3570	41	0	0	0	0	35	0.00	0.00	0.00	99.96	0.16	0.00	99.79	0.00	37
2	2	0	0.03	1206	3570	37	0	0	3	4	22	0.00	0.02	0.09	99.87	0.14	0.07	99.76	0.00	38
3	3	0	0.02	1200	3570	28	0	0	0	0	23	0.00	0.00	0.00	99.99	0.10	0.00	99.88	0.00	37
4	4	0	0.01	1200	3570	12	0	0	0	0	10	0.00	0.00	0.00	99.99	0.05	0.00	99.94	0.00	38
5	5	0	0.02	1200	3570	17	0	0	0	0	13	0.00	0.00	0.00	99.98	0.06	0.00	99.92	0.00	38
Core	CPU	Avg_MHz	Busy%	Bzy_MHz	TSC_MHz	IRQ	SMI	C1	C1E	C3	C6	C1%	C1E%	C3%	C6%	CPU%c1	CPU%c3	CPU%c6	CPU%c7	CoreTmp	PkgTmp	PkgWatt	RAMWatt	PKG_%	RAM_%
-	-	0	0.02	1200	3570	179	0	0	1	1	127	0.00	0.00	0.00	99.97	0.10	0.00	99.87	0.00	40	47	0.59	0.00	0.00	0.00
0	0	0	0.03	1200	3570	63	0	0	0	0	35	0.00	0.00	0.00	99.97	0.16	0.00	99.80	0.00	38	47	0.59	0.00	0.00	0.00
1	1	0	0.03	1200	3570	28	0	0	0	0	25	0.00	0.00	0.00	99.98	0.12	0.00	99.86	0.00	38
2	2	0	0.03	1200	3570	39	0	0	1	1	26	0.00	0.03	0.03	99.92	0.15	0.02	99.80	0.00	38
3	3	0	0.01	1200	3570	23	0	0	0	0	16	0.00	0.00	0.00	99.99	0.07	0.00	99.91	0.00	38
4	4	0	0.01	1200	3570	10	0	0	0	0	11	0.00	0.00	0.00	99.99	0.05	0.00	99.94	0.00	38
5	5	0	0.02	1200	3570	16	0	0	0	0	14	0.00	0.00	0.00	99.98	0.07	0.00	99.91	0.00	40
Core	CPU	Avg_MHz	Busy%	Bzy_MHz	TSC_MHz	IRQ	SMI	C1	C1E	C3	C6	C1%	C1E%	C3%	C6%	CPU%c1	CPU%c3	CPU%c6	CPU%c7	CoreTmp	PkgTmp	PkgWatt	RAMWatt	PKG_%	RAM_%
-	-	1	0.05	1201	3570	238	0	1	21	9	151	0.00	0.11	0.01	99.83	0.23	0.00	99.72	0.00	39	48	0.59	0.00	0.00	0.00
0	0	1	0.06	1200	3570	68	0	0	1	2	38	0.00	0.00	0.01	99.94	0.18	0.00	99.76	0.00	38	48	0.59	0.00	0.00	0.00
1	1	1	0.07	1202	3570	59	0	1	3	1	33	0.00	0.00	0.01	99.93	0.16	0.00	99.77	0.00	38
2	2	1	0.05	1200	3570	51	0	0	17	2	26	0.00	0.68	0.03	99.25	0.80	0.02	99.14	0.00	38
3	3	0	0.04	1200	3570	30	0	0	0	1	25	0.00	0.00	0.00	99.96	0.11	0.00	99.85	0.00	36
4	4	1	0.05	1200	3570	14	0	0	0	2	15	0.00	0.00	0.00	99.95	0.07	0.00	99.88	0.00	38
5	5	0	0.04	1204	3570	16	0	0	0	1	14	0.00	0.00	0.00	99.96	0.07	0.00	99.89	0.00	39
Core	CPU	Avg_MHz	Busy%	Bzy_MHz	TSC_MHz	IRQ	SMI	C1	C1E	C3	C6	C1%	C1E%	C3%	C6%	CPU%c1	CPU%c3	CPU%c6	CPU%c7	CoreTmp	PkgTmp	PkgWatt	RAMWatt	PKG_%	RAM_%
-	-	0	0.03	1204	3570	212	0	0	0	7	149	0.00	0.00	0.01	99.96	0.12	0.01	99.84	0.00	40	48	0.59	0.00	0.00	0.00
0	0	1	0.04	1200	3570	71	0	0	0	0	42	0.00	0.00	0.00	99.96	0.20	0.00	99.76	0.00	39	48	0.59	0.00	0.00	0.00
1	1	0	0.03	1222	3570	38	0	0	0	0	30	0.00	0.00	0.00	99.97	0.14	0.00	99.83	0.00	37
2	2	0	0.02	1200	3570	31	0	0	0	7	19	0.00	0.00	0.08	99.90	0.12	0.06	99.80	0.00	38
3	3	0	0.02	1200	3570	26	0	0	0	0	20	0.00	0.00	0.00	99.99	0.09	0.00	99.89	0.00	38
4	4	0	0.01	1200	3570	18	0	0	0	0	15	0.00	0.00	0.00	99.99	0.07	0.00	99.92	0.00	40
5	5	0	0.03	1200	3570	28	0	0	0	0	23	0.00	0.00	0.00	99.98	0.11	0.00	99.86	0.00	40
Core	CPU	Avg_MHz	Busy%	Bzy_MHz	TSC_MHz	IRQ	SMI	C1	C1E	C3	C6	C1%	C1E%	C3%	C6%	CPU%c1	CPU%c3	CPU%c6	CPU%c7	CoreTmp	PkgTmp	PkgWatt	RAMWatt	PKG_%	RAM_%
-	-	0	0.02	1201	3570	182	0	0	0	3	129	0.00	0.00	0.01	99.97	0.10	0.00	99.87	0.00	40	48	0.59	0.00	0.00	0.00
0	0	0	0.03	1200	3570	63	0	0	0	1	34	0.00	0.00	0.01	99.96	0.16	0.00	99.80	0.00	38	48	0.59	0.00	0.00	0.00
1	1	1	0.04	1202	3570	40	0	0	0	1	32	0.00	0.00	0.00	99.96	0.15	0.00	99.80	0.00	38
2	2	0	0.02	1200	3570	26	0	0	0	1	19	0.00	0.00	0.03	99.96	0.09	0.02	99.87	0.00	38
3	3	0	0.01	1200	3570	24	0	0	0	0	18	0.00	0.00	0.00	99.99	0.08	0.00	99.90	0.00	37
4	4	0	0.01	1200	3570	11	0	0	0	0	12	0.00	0.00	0.00	99.99	0.06	0.00	99.93	0.00	38
5	5	0	0.02	1205	3570	18	0	0	0	0	14	0.00	0.00	0.00	99.98	0.07	0.00	99.91	0.00	40
Core	CPU	Avg_MHz	Busy%	Bzy_MHz	TSC_MHz	IRQ	SMI	C1	C1E	C3	C6	C1%	C1E%	C3%	C6%	CPU%c1	CPU%c3	CPU%c6	CPU%c7	CoreTmp	PkgTmp	PkgWatt	RAMWatt	PKG_%	RAM_%
-	-	0	0.02	1203	3570	182	0	0	1	6	126	0.00	0.00	0.01	99.97	0.11	0.01	99.87	0.00	39	48	0.59	0.00	0.00	0.00
0	0	0	0.03	1200	3570	61	0	0	0	0	34	0.00	0.00	0.00	99.97	0.16	0.00	99.81	0.00	39	48	0.59	0.00	0.00	0.00
1	1	0	0.03	1200	3570	35	0	0	0	0	27	0.00	0.00	0.00	99.97	0.13	0.00	99.84	0.00	38
2	2	0	0.02	1214	3570	33	0	0	1	6	21	0.00	0.03	0.05	99.90	0.14	0.04	99.80	0.00	37
3	3	0	0.01	1200	3570	21	0	0	0	0	17	0.00	0.00	0.00	99.99	0.08	0.00	99.91	0.00	38
4	4	0	0.01	1200	3570	16	0	0	0	0	13	0.00	0.00	0.00	99.99	0.06	0.00	99.93	0.00	38
5	5	0	0.02	1200	3570	16	0	0	0	0	14	0.00	0.00	0.00	99.98	0.07	0.00	99.91	0.00	39
Core	CPU	Avg_MHz	Busy%	Bzy_MHz	TSC_MHz	IRQ	SMI	C1	C1E	C3	C6	C1%	C1E%	C3%	C6%	CPU%c1	CPU%c3	CPU%c6	CPU%c7	CoreTmp	PkgTmp	PkgWatt	RAMWatt	PKG_%	RAM_%
-	-	0	0.03	1200	3570	202	0	0	1	3	139	0.00	0.00	0.01	99.97	0.11	0.00	99.86	0.00	39	48	0.59	0.00	0.00	0.00
0	0	0	0.04	1200	3570	65	0	0	0	0	36	0.00	0.00	0.00	99.97	0.17	0.00	99.80	0.00	39	48	0.59	0.00	0.00	0.00
1	1	1	0.04	1200	3570	41	0	0	0	1	34	0.00	0.00	0.01	99.95	0.16	0.00	99.79	0.00	37
2	2	0	0.02	1200	3570	30	0	0	0	2	22	0.00	0.00	0.03	99.95	0.11	0.02	99.84	0.00	38
3	3	0	0.02	1200	3570	32	0	0	1	0	21	0.00	0.00	0.00	99.98	0.10	0.00	99.89	0.00	37
4	4	0	0.01	1200	3570	16	0	0	0	0	13	0.00	0.00	0.00	99.99	0.06	0.00	99.93	0.00	37
5	5	0	0.02	1200	3570	18	0	0	0	0	13	0.00	0.00	0.00	99.98	0.06	0.00	99.91	0.00	39
Core	CPU	Avg_MHz	Busy%	Bzy_MHz	TSC_MHz	IRQ	SMI	C1	C1E	C3	C6	C1%	C1E%	C3%	C6%	CPU%c1	CPU%c3	CPU%c6	CPU%c7	CoreTmp	PkgTmp	PkgWatt	RAMWatt	PKG_%	RAM_%
-	-	0	0.02	1200	3570	210	0	1	4	2	148	0.00	0.01	0.01	99.96	0.12	0.01	99.84	0.00	39	48	0.59	0.00	0.00	0.00
0	0	0	0.04	1200	3570	69	0	0	0	0	39	0.00	0.00	0.00	99.97	0.18	0.00	99.78	0.00	38	48	0.59	0.00	0.00	0.00
1	1	0	0.03	1200	3570	40	0	0	0	0	32	0.00	0.00	0.00	99.97	0.15	0.00	99.82	0.00	38
2	2	0	0.03	1202	3570	34	0	1	4	2	22	0.00	0.04	0.07	99.86	0.15	0.06	99.76	0.00	38
3	3	0	0.01	1200	3570	26	0	0	0	0	20	0.00	0.00	0.00	99.99	0.09	0.00	99.90	0.00	38
4	4	0	0.01	1200	3570	17	0	0	0	0	16	0.00	0.00	0.00	99.99	0.08	0.00	99.91	0.00	39
5	5	0	0.02	1200	3570	24	0	0	0	0	19	0.00	0.00	0.00	99.98	0.09	0.00	99.89	0.00	39
Core	CPU	Avg_MHz	Busy%	Bzy_MHz	TSC_MHz	IRQ	SMI	C1	C1E	C3	C6	C1%	C1E%	C3%	C6%	CPU%c1	CPU%c3	CPU%c6	CPU%c7	CoreTmp	PkgTmp	PkgWatt	RAMWatt	PKG_%	RAM_%
-	-	0	0.03	1200	3570	198	0	0	0	3	139	0.00	0.00	0.01	99.97	0.11	0.00	99.86	0.00	39	48	0.59	0.00	0.00	0.00
0	0	0	0.03	1200	3570	62	0	0	0	0	35	0.00	0.00	0.00	99.97	0.16	0.00	99.80	0.00	38	48	0.59	0.00	0.00	0.00
1	1	1	0.04	1200	3570	45	0	0	0	0	33	0.00	0.00	0.00	99.96	0.15	0.00	99.80	0.00	37
2	2	0	0.03	1200	3570	35	0	0	0	1	27	0.00	0.00	0.02	99.95	0.13	0.02	99.83	0.00	38
3	3	0	0.01	1200	3570	23	0	0	0	1	18	0.00	0.00	0.01	99.98	0.08	0.00	99.90	0.00	37
4	4	0	0.01	1200	3570	16	0	0	0	1	12	0.00	0.00	0.00	99.99	0.06	0.00	99.93	0.00	38
5	5	0	0.02	1202	3570	17	0	0	0	0	14	0.00	0.00	0.00	99.98	0.07	0.00	99.91	0.00	39
Core	CPU	Avg_MHz	Busy%	Bzy_MHz	TSC_MHz	IRQ	SMI	C1	C1E	C3	C6	C1%	C1E%	C3%	C6%	CPU%c1	CPU%c3	CPU%c6	CPU%c7	CoreTmp	PkgTmp	PkgWatt	RAMWatt	PKG_%	RAM_%
-	-	0	0.02	1200	3570	166	0	0	0	0	116	0.00	0.00	0.00	99.98	0.09	0.00	99.89	0.00	39	48	0.59	0.00	0.00	0.00
0	0	0	0.04	1200	3570	64	0	0	0	0	35	0.00	0.00	0.00	99.97	0.16	0.00	99.80	0.00	39	48	0.59	0.00	0.00	0.00
1	1	0	0.03	1200	3570	33	0	0	0	0	27	0.00	0.00	0.00	99.97	0.13	0.00	99.84	0.00	37
2	2	0	0.02	1200	3570	28	0	0	0	0	22	0.00	0.00	0.00	99.98	0.10	0.00	99.88	0.00	39
3	3	0	0.01	1200	3570	16	0	0	0	0	13	0.00	0.00	0.00	99.99	0.06	0.00	99.93	0.00	37
4	4	0	0.01	1200	3570	11	0	0	0	0	9	0.00	0.00	0.00	99.99	0.04	0.00	99.95	0.00	37
5	5	0	0.02	1200	3570	14	0	0	0	0	10	0.00	0.00	0.00	99.98	0.05	0.00	99.93	0.00	39
Core	CPU	Avg_MHz	Busy%	Bzy_MHz	TSC_MHz	IRQ	SMI	C1	C1E	C3	C6	C1%	C1E%	C3%	C6%	CPU%c1	CPU%c3	CPU%c6	CPU%c7	CoreTmp	PkgTmp	PkgWatt	RAMWatt	PKG_%	RAM_%
-	-	0	0.03	1201	3570	201	0	2	0	7	140	0.00	0.00	0.02	99.96	0.11	0.01	99.85	0.00	40	47	0.59	0.00	0.00	0.00
0	0	0	0.03	1200	3570	62	0	0	0	0	35	0.00	0.00	0.00	99.97	0.16	0.00	99.80	0.00	39	47	0.59	0.00	0.00	0.00
1	1	1	0.04	1200	3570	39	0	0	0	0	33	0.00	0.00	0.00	99.96	0.15	0.00	99.80	0.00	37
2	2	0	0.03	1201	3570	39	0	1	0	6	25	0.00	0.00	0.10	99.87	0.14	0.08	99.75	0.00	37
3	3	0	0.02	1200	3570	34	0	0	0	0	26	0.00	0.00	0.00	99.98	0.12	0.00	99.86	0.00	38
4	4	0	0.01	1200	3570	14	0	0	0	1	11	0.00	0.00	0.01	99.98	0.06	0.00	99.93	0.00	39
5	5	0	0.02	1209	3570	13	0	1	0	0	10	0.00	0.00	0.00	99.98	0.05	0.00	99.93	0.00	40
Core	CPU	Avg_MHz	Busy%	Bzy_MHz	TSC_MHz	IRQ	SMI	C1	C1E	C3	C6	C1%	C1E%	C3%	C6%	CPU%c1	CPU%c3	CPU%c6	CPU%c7	CoreTmp	PkgTmp	PkgWatt	RAMWatt	PKG_%	RAM_%
-	-	0	0.02	1200	3570	176	0	0	0	1	119	0.00	0.00	0.00	99.98	0.09	0.00	99.88	0.00	40	47	0.59	0.00	0.00	0.00
0	0	0	0.03	1200	3570	61	0	0	0	0	33	0.00	0.00	0.00	99.97	0.15	0.00	99.81	0.00	39	47	0.59	0.00	0.00	0.00
1	1	0	0.03	1200	3570	33	0	0	0	0	25	0.00	0.00	0.00	99.98	0.12	0.00	99.86	0.00	37
2	2	0	0.02	1200	3570	27	0	0	0	1	21	0.00	0.00	0.03	99.96	0.10	0.02	99.86	0.00	39
3	3	0	0.02	1200	3570	25	0	0	0	0	17	0.00	0.00	0.00	99.99	0.08	0.00	99.91	0.00	39
4	4	0	0.01	1200	3570	15	0	0	0	0	12	0.00	0.00	0.00	99.99	0.06	0.00	99.93	0.00	38
5	5	0	0.02	1200	3570	15	0	0	0	0	11	0.00	0.00	0.00	99.98	0.05	0.00	99.93	0.00	40
Core	CPU	Avg_MHz	Busy%	Bzy_MHz	TSC_MHz	IRQ	SMI	C1	C1E	C3	C6	C1%	C1E%	C3%	C6%	CPU%c1	CPU%c3	CPU%c6	CPU%c7	CoreTmp	PkgTmp	PkgWatt	RAMWatt	PKG_%	RAM_%
-	-	0	0.02	1202	3570	191	0	0	1	8	128	0.00	0.00	0.02	99.96	0.11	0.01	99.86	0.00	40	47	0.59	0.00	0.00	0.00
0	0	0	0.03	1200	3570	64	0	0	0	0	36	0.00	0.00	0.00	99.97	0.17	0.00	99.80	0.00	38	47	0.59	0.00	0.00	0.00
1	1	1	0.04	1206	3570	44	0	0	0	1	33	0.00	0.00	0.01	99.95	0.16	0.00	99.79	0.00	36
2	2	0	0.02	1201	3570	31	0	0	1	6	19	0.00	0.01	0.09	99.88	0.12	0.07	99.79	0.00	38
3	3	0	0.01	1200	3570	22	0	0	0	0	18	0.00	0.00	0.00	99.99	0.08	0.00	99.91	0.00	39
4	4	0	0.01	1200	3570	14	0	0	0	0	11	0.00	0.00	0.00	99.99	0.05	0.00	99.94	0.00	38
5	5	0	0.02	1204	3570	16	0	0	0	1	11	0.00	0.00	0.01	99.97	0.06	0.00	99.92	0.00	40
Core	CPU	Avg_MHz	Busy%	Bzy_MHz	TSC_MHz	IRQ	SMI	C1	C1E	C3	C6	C1%	C1E%	C3%	C6%	CPU%c1	CPU%c3	CPU%c6	CPU%c7	CoreTmp	PkgTmp	PkgWatt	RAMWatt	PKG_%	RAM_%
-	-	0	0.02	1200	3570	174	0	0	0	2	123	0.00	0.00	0.01	99.97	0.10	0.01	99.87	0.00	39	48	0.59	0.00	0.00	0.00
0	0	0	0.04	1200	3570	65	0	0	0	0	36	0.00	0.00	0.00	99.97	0.17	0.00	99.80	0.00	38	48	0.59	0.00	0.00	0.00
1	1	0	0.03	1200	3570	31	0	0	0	0	26	0.00	0.00	0.00	99.98	0.12	0.00	99.85	0.00	38
2	2	0	0.02	1200	3570	34	0	0	0	2	23	0.00	0.00	0.06	99.92	0.12	0.05	99.81	0.00	39
3	3	0	0.01	1200	3570	19	0	0	0	0	15	0.00	0.00	0.00	99.99	0.07	0.00	99.92	0.00	37
4	4	0	0.01	1200	3570	9	0	0	0	0	10	0.00	0.00	0.00	99.99	0.05	0.00	99.94	0.00	38
5	5	0	0.02	1200	3570	16	0	0	0	0	13	0.00	0.00	0.00	99.98	0.06	0.00	99.92	0.00	39
Core	CPU	Avg_MHz	Busy%	Bzy_MHz	TSC_MHz	IRQ	SMI	C1	C1E	C3	C6	C1%	C1E%	C3%	C6%	CPU%c1	CPU%c3	CPU%c6	CPU%c7	CoreTmp	PkgTmp	PkgWatt	RAMWatt	PKG_%	RAM_%
-	-	0	0.02	1206	3570	179	0	0	1	7	125	0.00	0.00	0.02	99.96	0.10	0.01	99.86	0.00	39	49	0.59	0.00	0.00	0.00
0	0	0	0.03	1200	3570	60	0	0	0	0	33	0.00	0.00	0.00	99.97	0.15	0.00	99.81	0.00	38	49	0.59	0.00	0.00	0.00
1	1	1	0.04	1215	3570	36	0	0	0	0	30	0.00	0.00	0.00	99.96	0.14	0.00	99.82	0.00	37
2	2	0	0.03	1200	3570	38	0	0	1	7	22	0.00	0.00	0.10	99.87	0.13	0.08	99.76	0.00	38
3	3	0	0.01	1200	3570	23	0	0	0	0	18	0.00	0.00	0.00	99.99	0.08	0.00	99.90	0.00	36
4	4	0	0.01	1200	3570	11	0	0	0	0	11	0.00	0.00	0.00	99.99	0.05	0.00	99.94	0.00	38
5	5	0	0.02	1214	3570	11	0	0	0	0	11	0.00	0.00	0.00	99.98	0.05	0.00	99.93	0.00	39
Core	CPU	Avg_MHz	Busy%	Bzy_MHz	TSC_MHz	IRQ	SMI	C1	C1E	C3	C6	C1%	C1E%	C3%	C6%	CPU%c1	CPU%c3	CPU%c6	CPU%c7	CoreTmp	PkgTmp	PkgWatt	RAMWatt	PKG_%	RAM_%
-	-	0	0.03	1204	3570	241	0	0	0	6	170	0.00	0.00	0.02	99.96	0.14	0.01	99.82	0.00	39	48	0.59	0.00	0.00	0.00
0	0	1	0.04	1200	3570	78	0	0	0	0	46	0.00	0.00	0.00	99.96	0.22	0.00	99.74	0.00	39	48	0.59	0.00	0.00	0.00
1	1	0	0.04	1216	3570	49	0	0	0	0	37	0.00	0.00	0.00	99.97	0.17	0.00	99.79	0.00	36
2	2	0	0.03	1200	3570	46	0	0	0	6	33	0.00	0.00	0.11	99.86	0.18	0.09	99.70	0.00	37
3	3	0	0.01	1200	3570	21	0	0	0	0	17	0.00	0.00	0.00	99.99	0.08	0.00	99.91	0.00	36
4	4	0	0.01	1200	3570	17	0	0	0	0	13	0.00	0.00	0.00	99.99	0.06	0.00	99.93	0.00	38
5	5	0	0.03	1200	3570	30	0	0	0	0	24	0.00	0.00	0.00	99.98	0.11	0.00	99.86	0.00	39
Core	CPU	Avg_MHz	Busy%	Bzy_MHz	TSC_MHz	IRQ	SMI	C1	C1E	C3	C6	C1%	C1E%	C3%	C6%	CPU%c1	CPU%c3	CPU%c6	CPU%c7	CoreTmp	PkgTmp	PkgWatt	RAMWatt	PKG_%	RAM_%
-	-	0	0.03	1201	3570	202	0	1	0	2	135	0.00	0.00	0.01	99.97	0.11	0.01	99.86	0.00	39	49	0.59	0.00	0.00	0.00
0	0	0	0.03	1200	3570	67	0	0	0	0	34	0.00	0.00	0.00	99.97	0.16	0.00	99.81	0.00	38	49	0.59	0.00	0.00	0.00
1	1	1	0.04	1200	3570	40	0	0	0	0	32	0.00	0.00	0.00	99.96	0.15	0.00	99.81	0.00	36
2	2	0	0.02	1200	3570	25	0	0	0	2	17	0.00	0.00	0.05	99.93	0.09	0.04	99.85	0.00	39
3	3	0	0.02	1200	3570	38	0	1	0	0	26	0.00	0.00	0.00	99.98	0.12	0.00	99.86	0.00	37
4	4	0	0.01	1200	3570	17	0	0	0	0	14	0.00	0.00	0.00	99.99	0.07	0.00	99.92	0.00	38
5	5	0	0.02	1209	3570	15	0	0	0	0	12	0.00	0.00	0.00	99.98	0.06	0.00	99.92	0.00	39
Core	CPU	Avg_MHz	Busy%	Bzy_MHz	TSC_MHz	IRQ	SMI	C1	C1E	C3	C6	C1%	C1E%	C3%	C6%	CPU%c1	CPU%c3	CPU%c6	CPU%c7	CoreTmp	PkgTmp	PkgWatt	RAMWatt	PKG_%	RAM_%
-	-	0	0.02	1205	3570	183	0	0	4	6	125	0.00	0.00	0.02	99.96	0.11	0.01	99.86	0.00	40	48	0.59	0.00	0.00	0.00
0	0	0	0.03	1200	3570	63	0	0	0	1	35	0.00	0.00	0.01	99.96	0.17	0.00	99.80	0.00	38	48	0.59	0.00	0.00	0.00
1	1	0	0.03	1200	3570	35	0	0	1	0	26	0.00	0.00	0.00	99.97	0.12	0.00	99.85	0.00	37
2	2	0	0.03	1223	3570	40	0	0	3	5	24	0.00	0.02	0.11	99.84	0.16	0.09	99.73	0.00	37
3	3	0	0.01	1200	3570	21	0	0	0	0	16	0.00	0.00	0.00	99.99	0.07	0.00	99.91	0.00	38
4	4	0	0.01	1200	3570	11	0	0	0	0	12	0.00	0.00	0.00	99.99	0.06	0.00	99.93	0.00	38
5	5	0	0.02	1200	3570	13	0	0	0	0	12	0.00	0.00	0.00	99.98	0.06	0.00	99.92	0.00	40
Core	CPU	Avg_MHz	Busy%	Bzy_MHz	TSC_MHz	IRQ	SMI	C1	C1E	C3	C6	C1%	C1E%	C3%	C6%	CPU%c1	CPU%c3	CPU%c6	CPU%c7	CoreTmp	PkgTmp	PkgWatt	RAMWatt	PKG_%	RAM_%
-	-	0	0.02	1202	3570	180	0	0	0	2	124	0.00	0.00	0.01	99.97	0.10	0.01	99.87	0.00	39	48	0.59	0.00	0.00	0.00
0	0	0	0.03	1200	3570	60	0	0	0	0	33	0.00	0.00	0.00	99.97	0.15	0.00	99.81	0.00	39	48	0.59	0.00	0.00	0.00
1	1	1	0.04	1205	3570	42	0	0	0	0	32	0.00	0.00	0.00	99.96	0.15	0.00	99.81	0.00	37
2	2	0	0.02	1200	3570	25	0	0	0	2	18	0.00	0.00	0.06	99.93	0.09	0.05	99.84	0.00	37
3	3	0	0.02	1200	3570	26	0	0	0	0	20	0.00	0.00	0.00	99.99	0.09	0.00	99.89	0.00	37
4	4	0	0.01	1200	3570	10	0	0	0	0	8	0.00	0.00	0.00	99.99	0.04	0.00	99.95	0.00	38
5	5	0	0.02	1201	3570	17	0	0	0	0	13	0.00	0.00	0.00	99.98	0.06	0.00	99.91	0.00	39
Core	CPU	Avg_MHz	Busy%	Bzy_MHz	TSC_MHz	IRQ	SMI	C1	C1E	C3	C6	C1%	C1E%	C3%	C6%	CPU%c1	CPU%c3	CPU%c6	CPU%c7	CoreTmp	PkgTmp	PkgWatt	RAMWatt	PKG_%	RAM_%
-	-	0	0.02	1205	3570	209	0	0	2	6	144	0.00	0.00	0.02	99.96	0.12	0.01	99.84	0.00	40	48	0.59	0.00	0.00	0.00
0	0	0	0.04	1200	3570	68	0	0	0	0	37	0.00	0.00	0.00	99.97	0.17	0.00	99.79	0.00	38	48	0.59	0.00	0.00	0.00
1	1	0	0.03	1200	3570	35	0	0	0	1	28	0.00	0.00	0.01	99.97	0.14	0.00	99.83	0.00	37
2	2	0	0.03	1221	3570	38	0	0	2	5	24	0.00	0.01	0.10	99.87	0.15	0.08	99.75	0.00	38
3	3	0	0.02	1200	3570	32	0	0	0	0	24	0.00	0.00	0.00	99.99	0.11	0.00	99.87	0.00	37
4	4	0	0.01	1200	3570	14	0	0	0	0	13	0.00	0.00	0.00	99.99	0.06	0.00	99.93	0.00	38
5	5	0	0.02	1210	3570	22	0	0	0	0	18	0.00	0.00	0.00	99.98	0.08	0.00	99.89	0.00	40
Core	CPU	Avg_MHz	Busy%	Bzy_MHz	TSC_MHz	IRQ	SMI	C1	C1E	C3	C6	C1%	C1E%	C3%	C6%	CPU%c1	CPU%c3	CPU%c6	CPU%c7	CoreTmp	PkgTmp	PkgWatt	RAMWatt	PKG_%	RAM_%
-	-	0	0.03	1200	3570	204	0	0	0	3	143	0.00	0.00	0.01	99.96	0.11	0.01	99.85	0.00	39	48	0.59	0.00	0.00	0.00
0	0	0	0.03	1200	3570	60	0	0	0	0	33	0.00	0.00	0.00	99.97	0.15	0.00	99.81	0.00	38	48	0.59	0.00	0.00	0.00
1	1	1	0.05	1200	3570	49	0	0	0	0	38	0.00	0.00	0.00	99.95	0.18	0.00	99.77	0.00	37
2	2	0	0.02	1200	3570	26	0	0	0	2	18	0.00	0.00	0.08	99.90	0.09	0.07	99.82	0.00	38
3	3	0	0.03	1200	3570	46	0	0	0	1	35	0.00	0.00	0.01	99.97	0.16	0.00	99.81	0.00	36
4	4	0	0.01	1200	3570	12	0	0	0	0	10	0.00	0.00	0.00	99.99	0.05	0.00	99.94	0.00	38
5	5	0	0.02	1203	3570	11	0	0	0	0	9	0.00	0.00	0.00	99.98	0.04	0.00	99.94	0.00	39
Core	CPU	Avg_MHz	Busy%	Bzy_MHz	TSC_MHz	IRQ	SMI	C1	C1E	C3	C6	C1%	C1E%	C3%	C6%	CPU%c1	CPU%c3	CPU%c6	CPU%c7	CoreTmp	PkgTmp	PkgWatt	RAMWatt	PKG_%	RAM_%
-	-	0	0.02	1200	3570	197	0	0	2	6	134	0.00	0.00	0.02	99.96	0.11	0.01	99.85	0.00	39	47	0.59	0.00	0.00	0.00
0	0	0	0.04	1200	3570	66	0	0	0	0	37	0.00	0.00	0.00	99.97	0.17	0.00	99.79	0.00	38	47	0.59	0.00	0.00	0.00
1	1	0	0.03	1200	3570	33	0	0	0	0	28	0.00	0.00	0.00	99.98	0.13	0.00	99.84	0.00	38
2	2	0	0.03	1200	3570	43	0	0	1	5	31	0.00	0.01	0.09	99.87	0.17	0.08	99.72	0.00	39
3	3	0	0.01	1200	3570	23	0	0	0	1	16	0.00	0.00	0.01	99.98	0.08	0.00	99.91	0.00	38
4	4	0	0.01	1200	3570	14	0	0	1	0	10	0.00	0.00	0.00	99.99	0.05	0.00	99.94	0.00	37
5	5	0	0.02	1200	3570	18	0	0	0	0	12	0.00	0.00	0.00	99.98	0.06	0.00	99.92	0.00	39
