5996.16
5988.2
5965.06
6014.04
5977.08
5971.22
5953.1
5977.44
5983.36
5981.27
5958.84
5971.34
5953.16
5959.26
5965.18
5983.12
5940.84
5959.14
5983.66
5959.14
6001.66
5971.4
5983.6
5995.86
5971.34
5995.62
6013.56
6007.82
5971.22
5983.42
5977.44
5946.59
5977.5
5940.9
5971.4
5946.94
5989.34
5977.08
5977.14
5946.82
5971.34
5989.7
5940.55
5995.68
5971.4
5971.46
6001.66
5983.06
6019.78
5952.86
5995.44
5976.9
5970.98
5965.3
5959.14
5983.6
5940.9
5965.24
5995.8
6019.96
5946.94
5940.9
5965.36
5965.24
5970.86
5971.28
5959.14
5971.22
5995.62
5977.08
6001.72
6014.1
5989.7
5977.56
5965.24
6007.58
5971.28
5928.7
5977.56
6008
5963.04
5956.58
5983.36
5977.5
5989.64
5995.68
5976.96
5959.08
5952.86
5965.24
5995.56
6019.96
5965.24
5977.5
5965.3
5989.7
5969.31
5962.14
5958.43
5977.32
5971.34
5934.69
6050.15
5989.28
5965.24
5971.4
6007.94
5983.18
5903.89
6038.13
5959.2
5953.1
5940.9
5977.26
5989.64
5959.14
6001.84
5983.54
6001.84
5995.56
5971.4
5953.16
5989.7
5995.68
5970.86
5952.98
5995.74
5959.14
5989.58
5964.82
5983.36
5971.04
5983.6
5977.5
6001.78
5977.02
5965.24
5977.5
5977.5
5983.48
5995.5
5977.32
5940.67
5959.2
5965.18
5983.48
5964.71
5971.22
5965.24
5952.86
5965.06
5971.1
5983.54
5959.02
5989.28
5965.24
5946.94
5982.52
5977.44
5971.4
6014.04
5959.02
5989.34
5953.1
5965.24
5977.44
6014.04
5983.18
5977.08
5977.26
5965.12
5922.6
5965.24
5995.56
5965.3
5959.14
5959.14
5977.5
5977.44
5977.32
5983.6
5983.24
5977.5
5983.54
5952.51
5904.19
6050.63
5959.08
6014.1
5971.16
5958.78
5989.52
5971.16
5952.98
6007.82
5983.06
5952.98
5977.44
5983.6
5965.24
5952.75
5983.48
6008
5983.54
5952.86
5940.43
5958.73
5995.68
5983.54
6001.72
5977.44
5995.62
5989.64
5965.3
5940.84
5992.51
5959.14
5946.41
5977.38
5947.06
6008
6020.08
5952.8
5983.54
5959.14
5995.74
5971.16
5995.62
5958.67
5965
5977.26
6026.3
5928.59
5983.24
5983.48
5977.38
5940.9
5989.58
5982.58
5988.8
5977.44
5977.5
5995.74
5977.32
5946.59
5977.44
5971.34
5928.64
5983.48
5982.88
5983.18
5977.38
5922.6
5989.7
5959.14
5964.88
5952.75
5977.44
5965.36
5965.3
5946.82
5983.06
5989.52
6001.84
5922.6
5977.32
5970.98
5946.88
5983.6
5989.64
5983.42
5958.73
5971.04
5978.58
5995.8
6001.9
5983.54
5989.46
5953.04
5989.7
5965.3
5965.24
5958.67
5983.54
5946.88
6001.9
5989.64
5971.22
5952.86
5995.8
5946.76
5983.42
5983.48
5952.57
5977.32
5946.71
5989.64
5983.48
5974.34
5977.2
5983.54
5965.3
5989.7
5977.38
5995.38
5971.22
5958.96
6019.78
6001.84
5977.26
5977.26
5977.2
5971.34
5983.6
5971.28
5946.47
5989.58
5977.44
6008
5959.2
5977.44
5971.16
5995.74
5983.6
5928.7
5965.06
5970.74
5959.02
6001.9
5965.3
5995.56
5984.92
5983.42
5959.2
5983.6
6001.78
5983.3
5989.4
6001.84
5971.46
5940.9
5995.74
5983.3
5971.22
5946.71
5958.78
5952.86
5995.62
5995.68
5965.24
5977.32
5971.4
5983.48
5989.22
5971.28
5989.7
5989.58
5977.26
5989.16
5965.18
5977.44
5995.8
5989.28
5977.38
5989.16
5989.52
5965.24
5952.98
5959.2
5959.14
5958.84
5958.96
5983.6
5953.04
5977.38
5958.67
5959.08
5977.26
5971.4
5977.38
5964.94
6001.84
5953.1
5995.8
5952.98
5952.98
5989.34
5965.06
5959.2
5995.8
5952.92
5983.3
5983.36
6007.82
5977.5
5989.52
6013.8
5989.16
5977.2
6020.14
5965.3
5989.64
5958.9
5940.84
5940.84
5977.5
5965.24
5971.22
5958.49
5958.67
5971.34
5989.58
5989.58
6007.64
5928.59
5928.64
6075.09
5977.38
5910.35
5977.02
6007.88
5910.41
5989.7
5971.34
5958.96
5977.44
5983.6
6001.78
5971.34
5983.36
5953.04
5965.12
5977.2
5965.3
6001.78
5958.67
5965.18
5959.14
6014.1
5971.4
5977.5
5983.3
5965.3
6014.1
5959.2
5995.62
5964.71
5995.56
6003.94
5952.92
5934.74
6001.54
5971.16
5965.18
5989.64
5971.28
5952.75
5971.04
5995.74
5977.26
5964.94
5983.54
5940.73
5977.5
5983.48
5965.3
5946.94
5971.16
5976.96
5989.58
5940.9
5977.32
5971.34
5977.2
5965.24
5971.4
5928.7
6020.14
5952.98
5983.06
5971.34
5995.8
5983.6
5971.28
5977.02
5977.44
5971.34
6007.94
6001.78
5983.24
5977.44
5989.52
5977.26
5922.55
6050.45
5989.34
5904.19
6008
5965.24
5971.16
6068.45
5898.09
5983.54
5977.5
6013.98
5983.24
5977.38
5965.06
5977.5
5977.56
5989.52
5970.74
5989.4
5965.36
5977.5
5971.28
5989.46
5940.84
5977.5
5977.5
5989.76
6001.78
5976.96
5983.42
5989.64
5965.24
5977.44
5940.61
5983.36
5965.24
5983.66
5922.6
5977.26
5958.67
5971.22
5983.54
5983.6
5983.42
5964.88
5995.74
5977.5
5983.6
5983.6
6007.64
5995.32
6001.84
5989.7
5959.08
5989.64
5977.2
6001.66
5983.36
5952.75
6013.92
5983.48
5989.04
6007.94
5983.6
5989.7
5977.44
5989.46
5916.15
5989.28
5995.8
5983.54
5993.52
5992.5
5964.88
5995.8
5989.7
5983.54
5977.08
5959.02
5971.22
5977.26
5983.48
5989.34
5964.94
5904.25
6032.4
5953.1
5989.7
5983.36
5977.5
5910.35
5971.4
5989.7
5983.48
5983.54
5983.6
5995.8
5983.6
5959.02
6007.52
5989.64
5983.54
5995.8
5934.69
5977.32
5983.54
