2551533
2550876
2550742
2550816
2552161
2550467
2550495
2550672
2550850
2550428
2551190
2550503
2108940
2546054
2059495
1875791
2036355
2550515
2550484
1614277
1783407
1724722
1718215
2557122
2551339
2550455
2550659
2550460
2551142
2550681
2550762
2552863
2551133
2550388
2551145
2551590
2551354
2550247
2550929
2550480
2551485
2550501
2550483
2553824
2551263
2550603
2551016
2558542
2551270
2550562
2550728
2550622
2551388
2550460
2550759
2550650
2551083
2550692
2551019
2556773
2551392
2551353
2550733
2550664
2551354
2550489
2550685
2552638
2550594
2550542
2551069
2552535
1995749
2035395
2014057
2131064
2207697
2278205
2064885
2516931
2467416
1307130
2281011
2113675
1708689
2550493
1780046
2086287
2081908
2027814
2550932
2068949
1859755
1804833
1862223
2471439
2263845
2547602
2155533
2067760
2411755
2070237
2550466
2089116
2255311
2051466
2198829
2498214
1777835
1652049
1445503
1359949
1780127
2031184
2355862
1675365
1340734
1271641
1299875
1717152
2125850
2546677
2258071
2450895
2520911
2139105
2550458
2416334
2537289
2404427
2453982
2507448
1391473
1460079
1446523
1561442
1428509
1889178
2281885
1488879
1326680
1508368
1483850
1403678
2427693
2550754
2081693
1784059
2050128
2543198
2550478
1679633
2138885
1404937
1491312
1728706
2171013
1825821
1690014
2550584
2550140
2285461
2320692
1944864
2088064
2551399
2550849
1987805
2551531
2550480
2550828
2550247
2551228
2550452
2550507
2553392
2551074
2550477
2551101
2553666
2551079
2550527
2550510
2550460
2551078
2550534
2551335
2553063
2554810
2551507
2553160
2552771
2119424
2550668
2306033
2552372
2550993
2283033
2550923
2454809
2547462
2550993
2551117
2529538
2550171
2550557
2550601
2554738
2551034
2550487
2551855
2563289
2550463
2550514
2550990
2556920
1658969
1906592
1642594
2016644
2224958
2274383
1618105
2499130
1935429
1467125
1333468
1640006
2005349
1721878
2311443
2009470
2090720
2550510
2105441
2079877
2508380
2345021
1914847
2556268
1692608
2549912
1745396
2429736
2551353
2356884
2555690
2522603
1851003
1432373
2554115
1788217
2128980
2548137
1988206
2015034
2196455
1910217
2550496
1993226
1502006
2179027
2058901
2478750
1755466
1404015
1769649
2551342
1564324
2405616
1787311
2520033
2092781
2553682
2100990
1856597
2092141
2551168
2302433
2258419
2156231
2550516
2552942
1804976
1924597
1992341
1921998
2557731
1495155
2423388
1682903
2188689
2550445
2102290
2227238
1680996
2160793
1487455
2553839
1748493
2550467
2550488
2290976
2090095
1969910
2521026
2551211
1813140
2552386
1555720
1797225
1891319
1939577
2419616
2226860
2433401
2425261
2509555
1548213
1593525
1636130
1555039
1535450
2523195
1443573
2209968
2044655
2484197
2009937
2126706
2506410
1686588
1825259
1311217
2023473
1710314
1488697
2508447
1528983
2229498
2551238
2240650
1930973
1939933
2052650
1382281
2553255
1838367
2087678
1961771
2056501
2199161
2262599
2289525
1711003
1622702
2516115
1880707
2288897
2339615
2550331
2552021
2550598
2553336
2551105
2550489
2551767
2554242
2550455
2551041
2551434
2551288
2552129
2547694
2550794
2550663
2550563
2550522
2550464
2552884
2551124
2550465
2553253
2554702
2550356
2550481
2550577
2550828
2550583
2550509
2548644
2554911
2550380
2553265
2556346
2555752
2163467
2550612
2312984
2552629
2551916
2223133
2550502
2533121
2548334
2551166
2551236
2516279
1365935
1769704
1441718
2222546
2548950
2037005
1929271
1520478
1476914
2274582
1990244
1988202
1821146
2284149
1842585
1855567
2081217
2389875
2473947
1715535
1881106
1785272
1956114
2241303
2550638
2550474
2550594
2550696
2552609
2550543
2548843
2554044
2550535
2554699
2551186
2557540
